BASELINE rows=150 baselines=['ideal_omni', 'no_tdma_packet_loss', 'tdma_clean', 'tdma_packet_loss']
                                    mtc    pdr  converged
baseline            packet_loss                          
ideal_omni          0.00          0.333  1.000      1.000
no_tdma_packet_loss 0.00          0.333  1.000      1.000
                    0.05          0.433  0.976      1.000
                    0.15          0.493  0.925      1.000
                    0.30          0.880  0.849      1.000
tdma_clean          0.00         18.247  1.000      0.867
tdma_packet_loss    0.00         18.247  1.000      0.867
                    0.05         32.560  0.976      0.467
                    0.15         34.813  0.925      0.333
                    0.30         38.680  0.851      0.333
FINE rows=90
                          mtc  converged
swarm_size packet_loss                  
12         0.00          3.74        1.0
           0.15          7.02        1.0
14         0.00          3.72        1.0
           0.15         15.56        1.0
16         0.00          3.42        1.0
           0.15         19.68        1.0
18         0.00          3.86        1.0
           0.15         34.90        0.6
20         0.00          4.90        1.0
           0.15         50.00        0.0
22         0.00          4.24        1.0
           0.15         50.00        0.0
24         0.00          4.58        1.0
           0.15         50.00        0.0
26         0.00          6.10        1.0
           0.15         50.00        0.0
30         0.00         14.30        1.0
           0.15         50.00        0.0